%YAML:1.0

#common parameters
#support: 1 imu 1 cam; 1 imu 2 cam: 2 cam; 
imu: 1         
num_of_cam: 2


imu_topic: "/f250_ariel/mavros/imu/data_raw"
image0_topic: "/camera/infra1/image_rect_raw"
image1_topic: "/camera/infra2/image_rect_raw"



output_path: "/home/dcist/kumarRobotics/vins_output"


cam0_calib: "left.yaml"
cam1_calib: "right.yaml"
image_width: 640
image_height: 480
   

# Extrinsic parameter between IMU and Camera.
estimate_extrinsic: 1   # 0  Have an accurate extrinsic parameters. We will trust the following imu^R_cam, imu^T_cam, don't change it.
                        # 1  Have an initial guess about extrinsic parameters. We will optimize around your initial guess.

## Yuezhan's VINS param:
# body_T_cam0: !!opencv-matrix
#    rows: 4
#    cols: 4
#    dt: d
#    data: [ -1.0585412597086119e-03, 3.3556780812777964e-02,
#        9.9943625207007836e-01, 5.7245870527744540e-02,
#        -9.9960026736218199e-01, 2.8200765162035735e-02,
#        -2.0055756606404684e-03, 1.9091697678286119e-02,
#        -2.8252167701901254e-02, -9.9903886776529327e-01,
#        3.3513515398787330e-02, -2.3968646102873043e-02, 0., 0., 0., 1. ]
# body_T_cam1: !!opencv-matrix
#    rows: 4
#    cols: 4
#    dt: d
#    data: [ -1.2630566640869922e-03, 3.3502870852441191e-02,
#        9.9943782314484575e-01, 5.7657603830953627e-02,
#        -9.9960387865296241e-01, 2.8057601881761096e-02,
#        -2.2038054810882834e-03, -3.1321368489711829e-02,
#        -2.8115662357788895e-02, -9.9904470801926060e-01,
#        3.3454161309074193e-02, -2.5392783781903100e-02, 0., 0., 0., 1. ]

body_T_cam0: !!opencv-matrix
   rows: 4
   cols: 4
   dt: d
   data: [ -1.7680942294135971e-03, 3.7024007279866877e-02,
       9.9931281225036672e-01, 6.0668610638047599e-02,
       -9.9951054318403787e-01, 3.1146966307982860e-02,
       -2.9224225839731277e-03, 2.0151643543170394e-02,
       -3.1233762289321731e-02, -9.9882885890163886e-01,
       3.6950814855756464e-02, -3.1201408958753021e-02, 0., 0., 0., 1. ]
body_T_cam1: !!opencv-matrix
   rows: 4
   cols: 4
   dt: d
   data: [ -1.9777507578240261e-03, 3.7025917334346459e-02,
       9.9931234854148088e-01, 6.0854258987014236e-02,
       -9.9951097042928894e-01, 3.1112976589831920e-02,
       -3.1309230622708073e-03, -3.0251528780556924e-02,
       -3.1207507004584856e-02, -9.9882984743812642e-01,
       3.6946276852858340e-02, -3.2799958276134841e-02, 0., 0., 0., 1. ]

# body_T_cam0: !!opencv-matrix
#    rows: 4
#    cols: 4
#    dt: d
#    data: [ -1.8701977318920093e-03, 3.7059083617146549e-02,
#        9.9931132620515295e-01, 6.0036420567840469e-02,
#        -9.9950931947900234e-01, 3.1176260062983463e-02,
#        -3.0267281191780349e-03, 2.1407237701898407e-02,
#        -3.1266957560111941e-02, -9.9882664418303491e-01,
#        3.6982593675830788e-02, -3.1367373739614200e-02, 0., 0., 0., 1. ]
# body_T_cam1: !!opencv-matrix
#    rows: 4
#    cols: 4
#    dt: d
#    data: [ -2.0716413797188249e-03, 3.7053485101228467e-02,
#        9.9931113650546632e-01, 6.0213636172480281e-02,
#        -9.9951017035464718e-01, 3.1128932614185034e-02,
#        -3.2262845388352224e-03, -2.9088223217330750e-02,
#        -3.1227034114975349e-02, -9.9882832799042831e-01,
#        3.6970847220852199e-02, -3.2955681372322389e-02, 0., 0., 0., 1. ]

#Multiple thread support
multiple_thread: 1

#feature traker paprameters
max_cnt: 150            # max feature number in feature tracking
min_dist: 30            # min distance between two features 
freq: 10                # frequence (Hz) of publish tracking result. At least 10Hz for good estimation. If set 0, the frequence will be same as raw image 
F_threshold: 1.0        # ransac threshold (pixel)
show_track: 1           # publish tracking image as topic
flow_back: 1            # perform forward and backward optical flow to improve feature tracking accuracy

#optimization parameters
max_solver_time: 0.04  # max solver itration time (ms), to guarantee real time
max_num_iterations: 8   # max solver itrations, to guarantee real time
keyframe_parallax: 10.0 # keyframe selection threshold (pixel)

#imu parameters       The more accurate parameters you provide, the better performance
acc_n: 0.1          # accelerometer measurement noise standard deviation. #0.2   0.04
gyr_n: 0.01         # gyroscope measurement noise standard deviation.     #0.05  0.004
acc_w: 0.001         # accelerometer bias random work noise standard deviation.  #0.002
gyr_w: 0.0001       # gyroscope bias random work noise standard deviation.     #4.0e-5
g_norm: 9.805         # gravity magnitude

#unsynchronization parameters
estimate_td: 1                      # online estimate time offset between camera and imu
td: -0.05                             # initial value of time offset. unit: s. readed image clock + td = real image clock (IMU clock)

#loop closure parameters
load_previous_pose_graph: 0        # load and reuse previous pose graph; load from 'pose_graph_save_path'
pose_graph_save_path: "/home/fast/savedfiles/output/pose_graph/" # save and load path
save_image: 1                   # save image in pose graph for visualization prupose; you can close this function by setting 0 

